proj:       3
zone:       0
north:      11:54:00.07254N
south:      2:15:35.63874N
east:       0:54:26.407116E
west:       11:55:58.170684W
cols:       642
rows:       482
e-w resol:  0:01:12.0009
n-s resol:  0:01:12.0009
format:     0
compressed: 1
