proj:       3
zone:       0
north:      17:11:47.132952N
south:      5:46:36.425244S
east:       17:33:12.847032E
west:       17:12:19.275804W
cols:       3893
rows:       2573
e-w resol:  0:00:32.142852
n-s resol:  0:00:32.142852
top:        1
bottom:     0
cols3:      3893
rows3:      2574
depths:     1
e-w resol3: 0:00:32.142852
n-s resol3: 0:00:32.130364
t-b resol:  1
