proj:       3
zone:       0
north:      37:45:30.513117N
south:      35:03:34.941428S
east:       56:48:30.391648E
west:       23:13:40.517443W
cols:       8804
rows:       8010
e-w resol:  0:00:32.727273
n-s resol:  0:00:32.727273
format:     0
compressed: 1
